Srodek helipada:   
  X: 3309
  Y: 3794
  Lat: 50.29398458390574
  Lon: 18.674947970110775

Pierwsza wieza radiowa od dolu:
  X: 1325
  Y: 3128
  Lat: 50.29335818092219
  Lon: 18.674634734058024

Pierwsza wieza radiowa od gory:
  X: 1334
  Y: 986
  Lat: 50.29336132267769
  Lon: 18.673576984598157

Gorny prawy rog czarnej drogi:
  X: 3858
  Y: 123
  Lat: 50.29414702422793
  Lon: 18.673131332496656
