Punkt 1:   
  X: 3309
  Y: 3794
  Lat: 50.29398458390574
  Lon: 18.674947970110775

Punkt 2:
  X: 1325
  Y: 3128
  Lat: 50.29335818092219
  Lon: 18.674634734058024

Punkt 3:
  X: 1334
  Y: 986
  Lat: 50.29336132267769
  Lon: 18.673576984598157

Punkt 4:
  X: 3858
  Y: 123
  Lat: 50.29414702422793
  Lon: 18.673131332496656
